64 · ‘ H. Index verborum.

usurpare 16,19. 20, 27.

11101110 3, 8. 21,14.

1111 4, 20. 14, 15.

1111110 20, 13.

01111100 28, 4.

utique 018.

11111111 -- nem 27, 4.

uxor 1,5. 9, 21. 10, 6000. 12,4.
12, 6. 20, 7. 20, 17. 29, 24.
31,23.35,17000.36,19.97,14.

uxorium nomen 29, 19.

Venere 1111111ἰο 10, 9.

101010 15,17. 19,12.

valetudo 019.

vellum 7, 21.

vanus 19,17.

101010 36,13.

velificare 18, 22,

velle: 10110, nolis 26, 7. 30, 19.

venalis 14, 8. 14, 30. 11111100
ee

vendere 6,11.

venefica 12,10.

veneficium 12, 2eq. 13, 12.
0000

venenum 12, 10. 12,14. 12,
23 sqq. 29,11. 29, 22. 32, 2.
00

00000000
0000

100000000

11111110 0, 27. 6,1. 7, 1. 7, 23.

11, 4. 13,16. 27, 17. 111 1110-

111111 10, 25.
verber 3, 4.
verbe 100010 2018.
1010 36, 7.
verecundie 18, 20.
verecundus 18,17. 28, 8.
101011 4,17. 17, 24.
Verginius 3, 25.
verus: verum dicere 9, 7. 9, 17,
101101 00101 2014.
101110 dietum 28, 9.

vicarius 22, 21. 23, 19. 23, 23.
fifflffleu

110101 10, 4. 19,14, 23,10.
Ᾱᾞο000000

· 00

00010000000
Μο000100
&mmm

vilis 22,13.

100000001
26,15. 25, 16. 31, 18. 37, 6.

vincire 29, ὁ.

vinculum 4,19. 28, 29. 28, 25.

vindicare 3, 20. 8, 1. 13, 9.
00000000

vindicte 21,12. 31, 3.

111 1, 7. 3, 22. vir gladiator
38,18. 1111011100101110.

virginitas 33,19.

virgo 16, 7. 31, 22 sq. 32, 7.
0000000

1111110 3, 20. 24, 13. 28, 6.
0000

virus 13,11.

10000010000.

viscus 3, 7.

1110 17, 16. 18, 26. 22 10 sqq.
010000100

vitium 3,1. sanguinis 3, 8.

mmwmmnffie
28, 3. 34, 18. 38, 13.

vixdum 21,6.

voluntarius 33, 8. 34, 26.
voluntarie 111010 18, 16. 30,
001

1011111100 13, 3. 13, 16. 3114.

voluptas formarum 2,18.

10111111 24, 20. 33, 20. 34, 3.

101010 22,12.

vox 93, 9.

vulgus 38, 21.

11111100 24,16.

11111110 2,12.

...ἡ-..-

 

