11. Index verborum. . 63

supra 7, 6.
555515515111151537,13.1111515
55 aqua 11, 5. 1511. filium
51 51555 2618. vota 24, 20.
suspectus 13,18. 25, 7. 33, 8.
5555511515 15 8, 18. 10, 6.
suspicari 5,23. 12, 23. 20,23.
suspicio 9, 3.
555111515 16, 10. 18, 27.

Tacere 15, 22. 15, 23. 15,10.
25, 5. 25, 19. 25, 1.

1551155 17, 22.

talio 9, 4. 33,13. 33,16.

tamen: 51 151155 = 5155151515

, 21, 5. 91, 15.

tantisper 22, 26.

tantummodo 3, 23.

tegere 3618.

telum 16, 19.

1511515 29, 15.

templum 14,11.

temptare 20,12.

tempus 3, 13, 11, 6. 11, 6.
11, 9. 14, 11. 11, 15. 24, 29.
1515. 55, 11. 55, 5. 51, 14.
uno ternpore 2513.

tenebrae 4, 13.

15551 23, 27.

tenere 23, 11. 15, 15. 14, 10.
515555 oculos 5, 5. bonum
animum in alqm. 11, 17.

155515 4, 29. 14, 28.

1555515 11, 9.

151 8, 15 555. 16, 2555. 36, 24.

1511515 17, 27.

1551515 14, 25.

11115155,11.1,1.5,15.1515.
11, 14. 19, 18. 21, 29. 11, 1.

timor 25, 22. 25, 13.

tingere 2,13. 4, 7.

togam mutare 151155 37, 5.

tolerabilis 13, 5.

tolerare 36,1.

1511515 vitam 22, 22. liberos
31, 6. 51511 11 5155515 36, 24.

tormentum 4,18. 30,19.

15155515 7, 20555. 12, 9.
11, r. 12, 24. 35, 19.

tortor 8, 4. 8, 6.

15155 11, 5. 29,13.

tractatio 15515 37,14.

· 11511515 22, 4. 32,16.

trahere 4,14.

1155515115 imperium 37, 1.
in contrarium 19,11.

transigere 35,1.

transire 2, 9.

tres 15, 3. 11, 9. 15, 15. 15,
11. 15, 11. 39,1.

tribunus militaris 317555.
populi 16, 23, 20, 19 555. 28,
15. 32, 25. 99, 5.

tricesimus (1151 23, 4.

1115115 17, 21,

triumphalis 816555,

triumphare 8, 24. 38, 25.

155114,1.

Tullianum robur 5,1.

turpis 18, 25.

15155 7, 23.

tyrannicida 1, 6. 12, 22 55.
19, 2755.

tyrannicidium 1, 7. 13, 1.
15, 29.

tyrannis 6, 17555. 11, 12.
11,18,

tyrannus 1, 6555. 7,14. 12,
23555. 19,29. 319555. 34, 10.

Ubicumque 3, 20,

5151551 33, 22.

51111155 11, 2.

51115 13, 8.

51115 34, 3.

51115 22, 6.

umbra 3,13. 4, 23.

515 tempora 29, 13. 55511 non.
551 = idem 17, 3.

51515 8, 6,

urgere 11, 20.

usura 24, 3.

 

